GEYLANG EAST                    1                   1e-17               700000000000000000  1876                451.74              4.15                5.43                611347.00           72                  22.11               3.26                3.28                29920.00            1.316941            103.898351          F 
KATONG                          1                   1e-17               700000000000000000  1876                451.74              4.15                5.43                611347.00           9                   6.92                1.30                1.30                9360.00             1.307265            103.902335          F 
KAMPONG UBI                     1                   1e-17               700000000000000000  1876                451.74              4.15                5.43                611347.00           29                  8.72                3.33                3.34                11800.00            1.329611            103.896573          F 
ALJUNIED                        1                   1e-17               700000000000000000  1876                451.74              4.15                5.43                611347.00           369                 29.55               12.49               13.18               39990.00            1.314444            103.883573          F 
MACPHERSON                      1                   1e-17               700000000000000000  1876                451.74              4.15                5.43                611347.00           55                  20.96               2.62                2.64                28360.00            1.327368            103.885204          F 
MOUNTBATTEN                     1                   1e-17               700000000000000000  1876                451.74              4.15                5.43                611347.00           19                  7.37                2.58                2.58                9980.00             1.301667            103.891278          F 
MARINE PARADE                   1                   1e-17               700000000000000000  1876                451.74              4.15                5.43                611347.00           16                  19.86               0.81                0.81                26880.00            1.302815            103.907574          F 
KEMBANGAN                       1                   1e-17               700000000000000000  1876                451.74              4.15                5.43                611347.00           260                 27.68               9.39                9.74                37460.00            1.324806            103.915614          F 
EAST COAST                      1                   1e-17               700000000000000000  1876                451.74              4.15                5.43                611347.00           0                   0.00074             0                   0                   1.00                1.299691            103.908675          F 
KAKI BUKIT                      1                   1e-17               700000000000000000  1876                451.74              4.15                5.43                611347.00           86                  27.45               3.13                3.16                37150.00            1.335579            103.909565          F 
FRANKEL                         1                   1e-17               700000000000000000  1876                451.74              4.15                5.43                611347.00           255                 25.49               10.01               10.37               34490.00            1.314779            103.920429          F 
KALLANG WAY                     1                   1e-17               700000000000000000  1876                451.74              4.15                5.43                611347.00           1                   0.022               45.11               45.12               30.00               1.325834            103.876104          F 
JOO SENG                        1                   1e-17               700000000000000000  1876                451.74              4.15                5.43                611347.00           29                  6.02                4.82                4.83                8150.00             1.336597            103.882327          F 
BOON KENG                       1                   1e-17               700000000000000000  1876                451.74              4.15                5.43                611347.00           32                  8.71                3.67                3.69                11790.00            1.314884            103.872300          F 
TANJONG RHU                     1                   1e-17               700000000000000000  1876                451.74              4.15                5.43                611347.00           2                   8.21                0.24                0.24                11110.00            1.300591            103.875911          F 
MARINA EAST (MP)                1                   1e-17               700000000000000000  1876                451.74              4.15                5.43                611347.00           0                   0.00074             0                   0                   1.00                1.292216            103.884677          F 
GEYLANG BAHRU                   1                   1e-17               700000000000000000  1876                451.74              4.15                5.43                611347.00           27                  8.34                3.24                3.25                11280.00            1.321639            103.870250          F 
TAI SENG                        1                   1e-17               700000000000000000  1876                451.74              4.15                5.43                611347.00           32                  10.22               3.13                3.14                13830.00            1.343771            103.887619          F 
KAMPONG BUGIS                   1                   1e-17               700000000000000000  1876                451.74              4.15                5.43                611347.00           4                   0.68                5.88                5.89                920.00              1.308164            103.870496          F 
SENNETT                         1                   1e-17               700000000000000000  1876                451.74              4.15                5.43                611347.00           33                  5.31                6.21                6.24                7190.00             1.333256            103.873623          F 
SIGLAP                          1                   1e-17               700000000000000000  1876                451.74              4.15                5.43                611347.00           1                   4.76                0.21                0.21                6440.00             1.306591            103.927086          F 
KALLANG BAHRU                   1                   1e-17               700000000000000000  1876                451.74              4.15                5.43                611347.00           0                   0.015               0                   0                   20.00               1.314076            103.865480          F 
BIDADARI                        1                   1e-17               700000000000000000  1876                451.74              4.15                5.43                611347.00           0                   0.00074             0                   0                   1.00                1.341104            103.874945          F 
AIRPORT ROAD                    1                   1e-17               700000000000000000  1876                451.74              4.15                5.43                611347.00           0                   0.00074             0                   0                   1.00                1.351471            103.897326          F 
DEFU INDUSTRIAL PARK            1                   1e-17               700000000000000000  1876                451.74              4.15                5.43                611347.00           11                  0.015               744.32              745.58              20.00               1.351698            103.895781          F 
BEDOK RESERVOIR                 1                   1e-17               700000000000000000  1876                451.74              4.15                5.43                611347.00           43                  18.82               2.28                2.29                25470.00            1.340041            103.926329          F 
POTONG PASIR                    1                   1e-17               700000000000000000  1876                451.74              4.15                5.43                611347.00           10                  8.66                1.15                1.15                11720.00            1.333056            103.865638          F 
UPPER PAYA LEBAR                1                   1e-17               700000000000000000  1876                451.74              4.15                5.43                611347.00           25                  12.50               2.00                2.00                16920.00            1.346567            103.877047          F 
BENDEMEER                       1                   1e-17               700000000000000000  1876                451.74              4.15                5.43                611347.00           13                  27.76               0.47                0.47                37570.00            1.322202            103.861856          F 
CRAWFORD                        1                   1e-17               700000000000000000  1876                451.74              4.15                5.43                611347.00           2                   6.19                0.32                0.32                8380.00             1.304520            103.862940          F 
NICOLL                          1                   1e-17               700000000000000000  1876                451.74              4.15                5.43                611347.00           0                   0.21                0                   0                   290.00              1.299321            103.864187          F 
MARINA EAST                     1                   1e-17               700000000000000000  1876                451.74              4.15                5.43                611347.00           0                   0.00074             0                   0                   1.00                1.288517            103.872352          F 
WOODLEIGH                       1                   1e-17               700000000000000000  1876                451.74              4.15                5.43                611347.00           2                   1.81                1.10                1.10                2450.00             1.340036            103.866300          F 
LAVENDER                        1                   1e-17               700000000000000000  1876                451.74              4.15                5.43                611347.00           8                   7.16                1.12                1.12                9690.00             1.310826            103.859140          F 
BEDOK NORTH                     1                   1e-17               700000000000000000  1876                451.74              4.15                5.43                611347.00           216                 60.47               3.57                3.66                81840.00            1.330427            103.936016          F 
KAMPONG GLAM                    1                   1e-17               700000000000000000  1876                451.74              4.15                5.43                611347.00           0                   0.089               0                   0                   120.00              1.302263            103.859691          F 
LORONG AH SOO                   1                   1e-17               700000000000000000  1876                451.74              4.15                5.43                611347.00           110                 23.88               4.61                4.67                32320.00            1.356831            103.886606          F 
KIM KEAT                        1                   1e-17               700000000000000000  1876                451.74              4.15                5.43                611347.00           37                  5.88                6.29                6.32                7960.00             1.331888            103.858636          F 
PLAB                            1                   1e-17               700000000000000000  1876                451.74              4.15                5.43                611347.00           0                   0.00074             0                   0                   1.00                1.357521            103.911412          F 
ROCHOR CANAL                    1                   1e-17               700000000000000000  1876                451.74              4.15                5.43                611347.00           0                   0.00074             0                   0                   1.00                1.304035            103.857523          F 
SUNGEI ROAD                     1                   1e-17               700000000000000000  1876                451.74              4.15                5.43                611347.00           2                   1.51                1.32                1.32                2050.00             1.305699            103.856693          F 
PEI CHUN                        1                   1e-17               700000000000000000  1876                451.74              4.15                5.43                611347.00           18                  7.66                2.35                2.36                10360.00            1.336790            103.858607          F 
SERANGOON CENTRAL               1                   1e-17               700000000000000000  1876                451.74              4.15                5.43                611347.00           5                   18.30               0.27                0.27                24760.00            1.352233            103.870675          F 
LITTLE INDIA                    1                   1e-17               700000000000000000  1876                451.74              4.15                5.43                611347.00           43                  2.42                17.80               17.91               3270.00             1.306783            103.854053          F 
WOODLANDS EAST                  2                   1e-17               700000000000000000  411                 73.14               5.62                5.93                98980.00            411                 73.14               5.62                5.93                98980.00            1.441250            103.801927          F 
YUHUA EAST                      3                   1e-17               700000000000000000  108                 18.30               5.90                5.98                24770.00            108                 18.30               5.90                5.98                24770.00            1.340413            103.738837          F 
PENG SIANG                      4                   1.11022e-16         63050394783186944   92                  25.66               3.59                3.62                34720.00            92                  25.66               3.59                3.62                34720.00            1.379343            103.738630          F 
BOON LAY PLACE                  5                   0.00000000182       3849681931          67                  21.68               3.09                3.11                29340.00            67                  21.68               3.09                3.11                29340.00            1.345864            103.711148          F 
